{
  "precision": 0.6153846383094788,
  "recall": 0.10062892735004425,
  "f1": 0.17297297716140747,
  "loss": 0.5611463719505375
}