{
  "precision": 0.5,
  "recall": 0.0181818176060915,
  "f1": 0.035087719559669495,
  "loss": 0.27803313586924033
}