{
  "precision": 0.8362573385238647,
  "recall": 0.7667560577392578,
  "f1": 0.800000011920929,
  "loss": 0.4750255353875079
}