{
  "precision": 0.7692307829856873,
  "recall": 0.08403361588716507,
  "f1": 0.1515151560306549,
  "loss": 0.4829222740510763
}